,user_id,ethnicity,gender,SATM,SATR,Unnamed: 5,total_score
674,526854,1,2,690,720,,1410
807,621639,1,2,750,790,,1540
802,615543,1,1,740,680,,1420
799,614462,1,1,770,770,,1540
796,612104,1,1,600,750,,1350
788,607670,1,2,727,800,,1527
787,607662,1,1,740,670,,1410
783,605532,1,2,640,670,,1310
780,602681,1,1,710,760,,1470
779,602471,1,1,560,680,,1240
777,600965,1,2,800,630,,1430
775,599531,1,1,760,800,,1560
774,599351,1,1,740,680,,1420
769,596009,1,1,580,700,,1280
768,595072,1,2,790,670,,1460
762,590867,1,1,620,640,,1260
759,589723,1,2,760,660,,1420
756,588846,1,2,670,600,,1270
752,587158,1,1,720,710,,1430
750,584952,1,1,790,690,,1480
747,582596,1,2,450,600,,1050
743,578774,1,2,780,720,,1500
742,578259,1,2,710,740,,1450
741,577721,1,1,750,800,,1550
808,622250,1,2,740,800,,1540
740,577248,1,1,760,670,,1430
813,625371,1,2,680,710,,1390
824,634264,1,2,740,800,,1540
888,686296,1,2,620,550,,1170
884,681799,1,2,690,660,,1350
876,675679,1,1,690,790,,1480
874,673684,1,1,800,780,,1580
873,672646,1,2,780,720,,1500
872,672600,1,2,660,690,,1350
869,671242,1,1,720,800,,1520
865,665614,1,2,760,780,,1540
862,663678,1,2,680,640,,1320
860,663489,1,1,710,650,,1360
849,654123,1,1,700,680,,1380
847,651403,1,1,670,670,,1340
845,649154,1,2,760,550,,1310
842,647897,1,2,700,760,,1460
840,646558,1,2,750,750,,1500
837,644497,1,1,740,720,,1460
836,644117,1,1,640,630,,1270
835,643787,1,2,550,550,,1100
834,643572,1,2,800,800,,1600
833,642687,1,2,560,760,,1320
832,642372,1,1,710,680,,1390
830,640915,1,1,710,800,,1510
825,634374,1,2,800,670,,1470
819,631729,1,2,600,600,,1200
735,574259,1,2,800,760,,1560
726,568629,1,1,740,760,,1500
725,568299,1,2,650,690,,1340
630,487557,1,1,750,800,,1550
627,481768,1,2,800,710,,1510
625,479984,1,1,680,710,,1390
619,475853,1,1,740,760,,1500
611,466758,1,2,650,660,,1310
608,463042,1,2,630,650,,1280
591,454013,1,2,650,750,,1400
589,452496,1,2,780,750,,1530
587,449228,1,1,670,690,,1360
585,446930,1,2,720,670,,1390
580,442475,1,1,370,380,,750
570,435848,1,2,700,800,,1500
569,435705,1,2,770,670,,1440
567,433270,1,1,700,720,,1420
562,431698,1,2,610,510,,1120
558,430213,1,2,700,800,,1500
554,426268,1,2,720,800,,1520
553,424806,1,2,530,590,,1120
550,423841,1,2,780,790,,1570
545,418421,1,1,690,720,,1410
543,418263,1,1,500,560,,1060
536,411002,1,1,570,690,,1260
535,410474,1,2,690,680,,1370
632,491115,1,2,690,800,,1490
633,492457,1,2,720,800,,1520
641,496607,1,2,760,720,,1480
644,497906,1,2,730,730,,1460
724,566072,1,2,780,790,,1570
722,565454,1,2,790,730,,1520
721,565448,1,2,710,710,,1420
718,559726,1,2,740,660,,1400
717,559608,1,2,640,700,,1340
716,557765,1,2,750,650,,1400
714,556195,1,1,650,790,,1440
700,546835,1,1,700,720,,1420
697,543071,1,1,670,630,,1300
692,540964,1,2,800,690,,1490
685,535250,1,2,800,740,,1540
889,686632,1,2,700,700,,1400
684,533796,1,2,650,700,,1350
678,528959,1,2,630,650,,1280
676,527583,1,2,700,650,,1350
675,527081,1,2,740,700,,1440
672,525710,1,2,620,650,,1270
671,523714,1,1,390,495,,885
670,519247,1,2,750,830,,1580
667,514809,1,2,800,790,,1590
661,508149,1,2,790,790,,1580
660,507766,1,2,700,710,,1410
658,507562,1,1,610,630,,1240
655,506356,1,2,580,760,,1340
683,533795,1,1,680,790,,1470
890,686681,1,1,740,690,,1430
893,690439,1,2,660,650,,1310
894,691063,1,2,640,790,,1430
1185,925256,1,1,620,430,,1050
1184,924528,1,2,760,710,,1470
1183,924002,1,1,520,510,,1030
1176,917936,1,1,800,720,,1520
1173,915544,1,1,790,600,,1390
1172,914832,1,2,710,780,,1490
1169,911979,1,2,730,790,,1520
1167,908152,1,1,780,590,,1370
1158,898228,1,1,410,560,,970
1153,893767,1,2,740,800,,1540
1151,893517,1,1,700,650,,1350
1148,891903,1,2,640,640,,1280
1145,888545,1,1,730,760,,1490
1138,884957,1,1,700,700,,1400
1137,884758,1,1,600,690,,1290
1129,879988,1,1,490,630,,1120
1124,877206,1,2,800,640,,1440
1107,867873,1,2,710,600,,1310
1098,861666,1,1,430,480,,910
1093,857128,1,1,620,630,,1250
1088,852615,1,2,800,700,,1500
1085,850939,1,2,610,710,,1320
1078,845184,1,2,500,510,,1010
1186,926040,1,2,770,670,,1440
1187,926305,1,2,770,800,,1570
1191,928926,1,2,800,800,,1600
1196,932353,1,2,710,570,,1280
1273,998380,1,2,790,680,,1470
1271,997526,1,1,650,710,,1360
1270,997461,1,2,760,760,,1520
1261,988681,1,1,800,770,,1570
1259,987877,1,2,710,740,,1450
1258,986725,1,2,730,720,,1450
1256,982933,1,1,800,680,,1480
1255,982564,1,1,660,730,,1390
1249,976212,1,1,530,560,,1090
1245,972283,1,2,710,670,,1380
1243,971103,1,1,750,730,,1480
1075,842541,1,2,540,540,,1080
1238,965459,1,1,540,530,,1070
1227,956598,1,1,570,730,,1300
1223,955224,1,1,500,470,,970
1221,951055,1,1,690,720,,1410
1217,949692,1,1,750,750,,1500
1215,948377,1,1,680,800,,1480
1214,947495,1,2,710,700,,1410
1210,941945,1,2,800,800,,1600
1208,938742,1,2,700,600,,1300
1202,935324,1,1,800,740,,1540
1198,933063,1,2,770,720,,1490
1197,932974,1,2,740,690,,1430
1233,963087,1,1,800,670,,1470
533,409851,1,2,640,630,,1270
1074,842023,1,2,770,740,,1510
1064,835003,1,2,760,740,,1500
957,745406,1,2,560,520,,1080
956,745006,1,2,790,790,,1580
955,744275,1,2,600,600,,1200
951,739560,1,1,590,780,,1370
950,737306,1,2,750,750,,1500
949,736652,1,2,700,690,,1390
947,734389,1,1,740,730,,1470
940,730624,1,2,660,720,,1380
933,720306,1,1,800,770,,1570
932,719671,1,1,640,720,,1360
928,714758,1,2,800,680,,1480
926,713937,1,2,760,720,,1480
925,713447,1,2,670,740,,1410
920,712093,1,1,650,610,,1260
919,711730,1,2,670,800,,1470
913,702336,1,1,710,670,,1380
911,701382,1,1,740,800,,1540
902,693879,1,2,670,730,,1400
901,693476,1,2,690,670,,1360
900,693392,1,1,740,680,,1420
897,692811,1,2,610,510,,1120
896,692085,1,2,770,740,,1510
895,691132,1,2,800,670,,1470
958,745771,1,1,700,740,,1440
962,750789,1,2,800,670,,1470
964,752287,1,2,760,700,,1460
965,752651,1,2,521,505,,1026
1058,826294,1,2,800,710,,1510
1052,822993,1,1,710,660,,1370
1043,811961,1,1,600,730,,1330
1041,811710,1,1,780,800,,1580
1039,808801,1,1,650,670,,1320
1037,806798,1,1,780,710,,1490
1033,803950,1,2,610,560,,1170
1031,802916,1,2,800,680,,1480
1024,798240,1,1,610,590,,1200
1019,794207,1,1,800,720,,1520
1017,792830,1,1,570,610,,1180
1065,836730,1,2,730,800,,1530
1014,788049,1,2,800,740,,1540
1007,784254,1,1,610,720,,1330
1000,778432,1,2,680,710,,1390
993,773728,1,2,720,680,,1400
992,772105,1,1,680,800,,1480
991,771433,1,2,670,800,,1470
983,763009,1,2,630,620,,1250
980,759903,1,1,610,620,,1230
979,759703,1,2,640,640,,1280
978,759667,1,2,680,680,,1360
974,757613,1,2,800,760,,1560
970,753590,1,2,770,770,,1540
1013,787781,1,2,780,800,,1580
532,409656,1,1,800,780,,1580
1277,999688,1,2,720,730,,1450
55,40994,1,2,690,690,,1380
239,176878,1,1,680,670,,1350
70,47433,1,1,740,780,,1520
379,283358,1,2,720,680,,1400
240,177066,1,2,740,620,,1360
376,281129,1,2,800,800,,1600
375,279996,1,1,750,800,,1550
241,177262,1,2,570,630,,1200
71,47975,1,2,510,560,,1070
111,77616,1,1,680,770,,1450
245,182098,1,2,650,650,,1300
369,276289,1,1,720,800,,1520
76,48854,1,1,710,600,,1310
363,272228,1,1,680,800,,1480
361,270519,1,1,760,640,,1400
360,270494,1,2,750,720,,1470
382,286006,1,2,680,730,,1410
238,176639,1,2,790,760,,1550
384,286709,1,2,650,610,,1260
387,287629,1,1,600,680,,1280
419,313425,1,1,750,800,,1550
418,313414,1,1,790,740,,1530
45,33677,1,2,690,740,,1430
410,306156,1,1,690,660,,1350
201,153691,1,2,660,640,,1300
287,224060,1,2,770,800,,1570
208,157561,1,1,770,730,,1500
247,184069,1,2,700,650,,1350
402,297893,1,2,700,580,,1280
224,167941,1,1,660,580,,1240
62,44138,1,1,680,690,,1370
395,292105,1,1,500,450,,950
393,291036,1,2,750,800,,1550
391,289769,1,1,790,800,,1590
233,173227,1,2,510,690,,1200
67,46452,1,2,800,800,,1600
397,293126,1,1,740,670,,1410
248,185196,1,2,700,750,,1450
356,269605,1,2,720,680,,1400
82,51525,1,1,540,780,,1320
96,59585,1,2,780,800,,1580
98,61675,1,1,770,710,,1480
263,197558,1,1,800,800,,1600
265,200126,1,1,710,800,,1510
305,236204,1,1,720,800,,1520
100,64566,1,2,620,580,,1200
270,204374,1,1,720,670,,1390
261,195516,1,1,800,800,,1600
302,234514,1,2,680,780,,1460
281,218625,1,1,760,760,,1520
285,223685,1,2,790,760,,1550
294,229657,1,1,720,800,,1520
103,66480,1,2,700,720,,1420
104,67293,1,2,700,700,,1400
292,228584,1,1,590,600,,1190
290,227207,1,2,800,690,,1490
301,233978,1,2,720,740,,1460
192,146393,1,2,600,760,,1360
311,240285,1,1,670,750,,1420
314,241789,1,1,610,630,,1240
353,266512,1,1,800,690,,1490
350,264600,1,1,800,710,,1510
254,192198,1,2,730,620,,1350
109,76653,1,2,700,730,,1430
85,53481,1,1,770,750,,1520
342,255813,1,2,640,610,,1250
339,254903,1,2,690,600,,1290
259,195062,1,2,800,750,,1550
337,252637,1,1,790,800,,1590
258,194247,1,2,740,650,,1390
336,252146,1,2,790,800,,1590
87,54088,1,1,590,690,,1280
333,251235,1,1,780,800,,1580
327,247508,1,2,710,610,,1320
92,56539,1,2,680,730,,1410
93,57193,1,2,660,710,,1370
257,193902,1,2,640,630,,1270
41,28846,1,1,770,770,,1540
526,404111,1,1,720,680,,1400
115,81454,1,2,760,760,,1520
469,354011,1,1,560,480,,1040
513,388225,1,1,690,720,,1410
163,121010,1,1,760,800,,1560
162,120049,1,1,650,630,,1280
470,356232,1,2,780,690,,1470
121,85853,1,1,750,720,,1470
159,116920,1,2,760,670,,1430
475,358832,1,1,780,670,,1450
508,386615,1,1,720,750,,1470
476,359045,1,2,610,650,,1260
158,116859,1,1,690,800,,1490
425,315901,1,2,720,800,,1520
477,359448,1,2,790,730,,1520
142,103211,1,1,700,800,,1500
15,9761,1,2,780,740,,1520
155,113906,1,1,740,720,,1460
143,103299,1,2,740,710,,1450
479,360700,1,2,650,660,,1310
16,10158,1,2,760,760,,1520
10,7128,1,1,540,470,,1010
497,375274,1,2,720,770,,1490
496,375155,1,1,510,630,,1140
147,105504,1,1,660,710,,1370
119,84266,1,2,780,690,,1470
14,9629,1,2,780,700,,1480
118,83189,1,2,800,800,,1600
480,362084,1,2,610,740,,1350
482,364558,1,1,580,670,,1250
483,364936,1,1,740,790,,1530
145,103736,1,2,790,720,,1510
504,381775,1,2,760,800,,1560
31,23266,1,1,720,740,,1460
144,103579,1,2,800,790,,1590
457,341382,1,1,670,730,,1400
186,141920,1,1,800,800,,1600
523,400490,1,2,790,700,,1490
3,3022,1,1,750,760,,1510
436,324138,1,1,740,680,,1420
132,96261,1,2,570,680,,1250
123,86210,1,1,710,800,,1510
185,141760,1,2,720,690,,1410
441,329658,1,2,650,670,,1320
137,99438,1,1,750,770,,1520
135,98880,1,1,690,730,,1420
431,319942,1,2,780,680,,1460
181,136887,1,1,700,760,,1460
37,26553,1,1,780,610,,1390
460,344636,1,2,800,800,,1600
429,318791,1,2,790,760,,1550
428,318406,1,2,610,700,,1310
179,136786,1,1,570,590,,1160
189,143510,1,2,800,800,,1600
461,345092,1,2,590,600,,1190
463,346692,1,1,500,630,,1130
465,348840,1,2,780,680,,1460
173,130136,1,1,700,750,,1450
467,350460,1,1,650,590,,1240
190,143860,1,1,740,690,,1430
524,403429,1,2,710,690,,1400
885,682605,2,1,790,770,,1560
107,75163,2,2,800,800,,1600
1060,830486,2,1,800,710,,1510
1055,825730,2,2,760,720,,1480
141,101891,2,2,800,720,,1520
122,86086,2,1,770,730,,1500
269,203713,2,2,690,640,,1330
1051,822367,2,1,720,760,,1480
271,205271,2,2,800,710,,1510
976,758479,2,1,800,800,,1600
1021,797177,2,2,770,780,,1550
255,192890,2,2,750,730,,1480
1113,871469,2,2,770,690,,1460
188,143361,2,1,800,800,,1600
206,154892,2,1,740,800,,1540
984,764622,2,2,740,700,,1440
961,748669,2,1,770,760,,1530
1109,869788,2,1,730,740,,1470
228,170880,2,2,650,630,,1280
230,172337,2,2,720,700,,1420
112,78640,2,2,800,650,,1450
952,741253,2,1,750,700,,1450
994,774144,2,2,720,660,,1380
948,734947,2,1,800,790,,1590
1005,782599,2,2,800,780,,1580
1011,786821,2,1,800,760,,1560
1012,787096,2,2,800,660,,1460
110,77191,2,2,800,800,,1600
1106,867718,2,1,720,800,,1520
930,717691,2,1,750,800,,1550
246,182112,2,2,750,730,,1480
117,83149,2,1,670,690,,1360
1027,799552,2,1,720,720,,1440
249,187545,2,2,800,720,,1520
1028,800137,2,2,680,630,,1310
914,702944,2,1,690,770,,1460
1029,801622,2,1,760,740,,1500
256,193568,2,1,800,800,,1600
529,407991,2,1,800,800,,1600
803,616522,2,1,730,680,,1410
289,226440,2,1,630,740,,1370
622,477467,2,2,740,760,,1500
471,356779,2,2,800,740,,1540
634,492466,2,2,780,790,,1570
635,492692,2,2,770,750,,1520
637,493638,2,2,780,800,,1580
1246,973297,2,1,740,780,,1520
29,18467,2,1,800,750,,1550
651,502320,2,2,800,800,,1600
1234,963379,2,2,800,800,,1600
662,508361,2,2,800,800,,1600
32,23517,2,1,590,610,,1200
456,340406,2,2,790,770,,1560
673,526848,2,1,780,780,,1560
1276,999353,2,2,800,750,,1550
35,25152,2,1,780,760,,1540
433,322305,2,1,700,710,,1410
679,530011,2,1,690,520,,1210
687,536057,2,2,800,720,,1520
427,316862,2,1,780,720,,1500
620,476238,2,2,720,660,,1380
881,678416,2,1,800,800,,1600
1252,977146,2,1,770,750,,1520
20,14526,2,1,800,790,,1590
518,394600,2,2,690,681,,1371
540,415437,2,2,780,740,,1520
541,415976,2,1,770,660,,1430
517,392844,2,1,800,800,,1600
516,389958,2,2,710,710,,1420
6,3475,2,2,800,800,,1600
548,421183,2,2,800,690,,1490
514,388919,2,2,800,800,,1600
512,388175,2,2,800,690,,1490
7,3769,2,2,750,740,,1490
560,430510,2,2,800,800,,1600
566,433222,2,1,800,790,,1590
579,442108,2,1,710,680,,1390
581,443765,2,1,800,800,,1600
486,369852,2,1,740,800,,1540
1257,985281,2,2,800,790,,1590
594,455111,2,1,790,800,,1590
596,455526,2,2,800,720,,1520
602,460375,2,1,740,770,,1510
612,467682,2,2,740,700,,1440
707,551108,2,1,730,720,,1450
423,314752,2,2,800,720,,1520
720,564432,2,1,800,800,,1600
793,610617,2,2,650,570,,1220
795,611824,2,2,800,790,,1590
801,615393,2,2,800,700,,1500
131,94413,2,2,770,780,,1550
805,619264,2,2,660,620,,1280
347,263284,2,1,780,700,,1480
340,255724,2,1,630,580,,1210
823,634105,2,1,660,650,,1310
86,54006,2,1,770,770,,1540
785,607111,2,2,800,800,,1600
1180,919112,2,1,740,760,,1500
841,646990,2,1,760,800,,1560
846,650433,2,1,790,760,,1550
308,237367,2,2,800,800,,1600
848,653498,2,2,780,700,,1480
856,658816,2,2,800,680,,1480
859,663397,2,1,760,760,,1520
864,665051,2,1,760,610,,1370
296,231137,2,2,800,780,,1580
867,668061,2,1,750,720,,1470
838,644750,2,1,750,740,,1490
44,33099,2,1,710,800,,1510
79,49848,2,1,720,730,,1450
1188,927623,2,1,780,730,,1510
723,565708,2,1,800,680,,1480
400,296578,2,2,700,580,,1280
728,569582,2,1,630,650,,1280
733,571865,2,2,760,730,,1490
396,293067,2,1,800,730,,1530
739,577147,2,1,800,790,,1590
370,278535,2,2,800,750,,1550
744,579289,2,1,800,760,,1560
63,44642,2,1,740,660,,1400
753,587515,2,2,660,640,,1300
380,284505,2,2,790,770,,1560
1190,928741,2,2,760,690,,1450
751,585726,2,2,800,740,,1540
1071,839221,2,1,780,690,,1470
1195,932047,3,2,720,740,,1460
1127,878867,3,2,580,520,,1100
1192,929862,3,2,770,770,,1540
1123,876994,3,2,580,780,,1360
24,17630,3,1,600,730,,1330
1121,876883,3,1,440,610,,1050
1099,862097,3,1,760,800,,1560
1207,938146,3,2,570,570,,1140
883,680418,3,2,660,750,,1410
798,613392,3,2,740,790,,1530
293,228885,3,1,490,580,,1070
871,672058,3,2,500,670,,1170
309,237943,3,2,800,800,,1600
310,239769,3,1,720,760,,1480
334,251587,3,2,610,580,,1190
373,279210,3,2,450,450,,900
770,596650,3,1,530,480,,1010
417,313364,3,2,510,500,,1010
703,548105,3,1,690,730,,1420
682,531446,3,1,690,710,,1400
435,324099,3,2,680,680,,1360
657,507180,3,1,540,640,,1180
648,501402,3,1,690,740,,1430
474,358515,3,1,480,480,,960
606,461672,3,1,600,680,,1280
938,729297,3,2,630,800,,1430
943,732753,3,2,680,650,,1330
2,2973,3,2,580,580,,1160
1063,834362,3,1,690,640,,1330
1016,791075,3,2,680,750,,1430
1038,807596,3,1,750,620,,1370
1018,793717,3,1,560,730,,1290
389,288732,4,1,800,800,,1600
745,581273,4,2,770,740,,1510
1125,877667,4,1,440,440,,880
730,570453,4,2,690,700,,1390
404,301011,4,1,650,680,,1330
407,304119,4,2,790,750,,1540
50,37259,4,1,550,640,,1190
709,552727,4,2,700,600,,1300
663,509223,4,2,580,560,,1140
758,589331,4,2,720,780,,1500
650,501847,4,2,720,630,,1350
1241,967427,4,2,670,640,,1310
27,18111,4,1,630,730,,1360
615,473138,4,2,710,800,,1510
478,360494,4,1,630,730,,1360
593,454220,4,2,770,720,,1490
503,379765,4,1,620,680,,1300
519,394871,4,2,680,620,,1300
1023,797688,4,2,740,720,,1460
377,281303,4,2,700,740,,1440
125,87823,4,2,790,710,,1500
319,243379,4,2,750,710,,1460
776,600881,4,1,710,680,,1390
891,687985,4,1,740,680,,1420
1115,874526,4,1,620,620,,1240
326,246458,4,1,680,630,,1310
975,757663,4,1,760,800,,1560
828,637925,4,2,500,490,,990
210,160119,4,2,740,770,,1510
343,256436,4,2,800,760,,1560
366,273512,4,2,690,750,,1440
213,162905,4,2,760,710,,1470
827,637174,4,2,470,570,,1040
243,180106,5,1,800,740,,1540
556,427733,5,1,680,720,,1400
468,353346,5,1,310,510,,820
487,369952,5,1,770,770,,1540
583,445091,5,1,610,690,,1300
915,705331,5,1,680,660,,1340
1144,887690,5,2,750,650,,1400
546,420275,5,2,790,760,,1550
1122,876984,5,1,750,800,,1550
1053,823497,5,2,800,800,,1600
372,278793,5,1,770,800,,1570
1165,905330,5,1,630,660,,1290
102,65225,5,2,800,800,,1600
853,655448,5,1,540,610,,1150
1160,901393,5,1,800,740,,1540
1228,957253,5,1,540,720,,1260
1032,803817,5,2,770,640,,1410
38,27100,5,1,530,600,,1130
1114,872055,5,1,720,610,,1330
1170,914016,5,1,800,690,,1490
1072,840577,5,1,610,590,,1200
781,605246,5,1,640,660,,1300
170,128638,5,1,600,710,,1310
987,765576,5,2,770,720,,1490
1047,816364,5,1,620,680,,1300
953,741575,5,1,610,640,,1250
